start
start2
start3
start4
tweets created_at
1094213124847132673
1094214282768609280
1094217649049997313
1094220465822871552
1094221532467998722
1094222871004471296
1094223164358430720
1094226442202755072
1094228248559374337
1094228580085784576
1094231795325759489
1094234589810384896
1094236360997625857
1094236787361206277
1094249559109193730
1094250857804095488
1094270284566126592
1094270926214942721
1094290176954621952
1094293528832700417
1094298953418297344
1094393728217735168
1094396599147540480
1094400682298241024
1094402206252425217
1094404519402758144
1094404629805166593
1094408184763052034
1094411766220476417
1094424919029530624
1094426483169193985
1094431805657268225
1094448779430752256
1094466330508423168
1094482326308835328
1094490889970282496
1094493529433202688
1094494761795256320
1094506163851280384
1094541232783515648
1094544070850957313
1094554186241339392
1094558578826915841
1094567699030659072
1094573519868850176
1094576796299714560
1094581648836841473
1094583486097240065
1094584484559757312
1094585635753488389
1094587014643474432
1094590001587806209
1094591092203245570
1094596887594717185
1094604859800735744
1094613771866099712
1094633365100064768
1094635548449243136
1094742825311162368
1094748448631345152
1094757454464741376
1094764529483800577
1094765412695199744
1094768554899951617
1094770068242587648
1094783463897456641
1094786606911737856
1094788733449039872
1094789757136064513
1094807933102112768
1094824527253581824
1094824955894587393
1094832793777975297
1094837421118676992
1094851566081720320
1094852938025947136
1094860553124626433
1094862117457543168
1094863873717395456
1094866379168083972
1094869572455288832
1094874501609734144
1094875916142923778
1094880747247198209
1094883110569750528
1094883207172915206
1094883727652544513
1094883810552889344
1094884606334169088
1094889934832300032
1094891327358005248
1094896724953448449
1094919780455219200
1094921521712295938
1094929635568054272
1094930067438788608
1094931459276562432
1094933227565768704
1094933858380767232
1094934728031985665
1094937053270224897
1094939138615177217
1094941477715623937
1094945403575980032
1094946481683853315
1095710862344503297
1095713645512687616
1095716675759026176
1095717087903928321
1095722302027616256
1095725712646930432
1095821729576828930
1095822556467146752
1095823814041059328
1095825472250757120
1095831175996690432
1095831541609988098
1095831703984136193
1095831864600719360
1095832143748452352
1095832960375242752
1095833746656223232
1095834847199686656
1095835181728976897
1095835751571369984
1095839313240109056
1095862055423234048
1095870624646422528
1095871546684362752
1095872347637051393
1095879817411477504
1095884388452188166
1095893108800114688
1095893963993534469
1095912092001914880
1095925814120644609
1095980074350850048
1095984555905888256
1095985791862431744
1095992824120705025
1095993199120678912
1095995196498534400
1095998318746849282
1096005038953115648
1096007396734820353
1096011458238808064
1096015546166915072
1096015830351994881
1096017696569810944
1096021334658768896
1096027320689688576
1096030670881677313
1096030909189414912
1096031282377633793
1096031887749869568
1096033833147719682
1096036315563323393
1096037584596283392
1096038271740604417
1096039326167625728
1096040156358832129
1096041100526071808
1096046161176096768
1096048069290803201
1096054441919180801
1096056390630719489
1096057824776474630
1096073644453748736
1096076067360522246
1096077465435308032
1096078125568385024
1096090616570757120
1096100273947324416
1096168847973900288
1096170306106880000
1096182818483273729
1096184963215446016
1096189391209345024
1096191643013722112
1096192656101629952
1096196677130608642
1096214450187554816
1096214969480146944
1096217418941194240
1096218020060442624
1096219438171320320
1096224043735310336
1096239689596456960
1096240331014565889
1096246005706575872
1096248909142183936
1096250744108331009
1096267278532861952
1096269517020368899
1096273517492891648
1096276289491591168
1096276942410547200
1096282664665894912
1096283824491655169
1096289328332861440
1096301055250321409
1096301641081356289
1096303781522792448
1096306945248481280
1096311067582451713
1096329197864116224
1096341791844884480
1096347065699844097
1096351588799541250
1096353222493581312
1096353281889034240
1096356521204625410
1096364354079928320
1096366406344466433
1096367202809204737
1096367388042424320
1096368237623730176
1096368940006035457
1096369177743388673
1096371506848780288
1096383736457953280
1096384515474223104
1096387133600759808
1096387661835558912
1096389704319160323
1096392656509235205
1096393295989596160
1096394362865500160
1096399502691299329
1096399920557215744
1096402369082847234
1096405115970285568
1096405619320401920
1096406338828001281
1096408170891628544
1096409113825705984
1096409215336210438
1096413966094323713
1096414463069057024
1096418532487716865
1096430010070634496
1096430438388658176
1096432025068724225
1096438239668318211
1096490172269629440
1096525882183770112
1096526202116857862
1096526847762784256
1096546746459611136
1096551776625389568
1096567890613018624
1096570059219120134
1096570267394920449
1096570788675649537
1096571259654008832
1096571470703034368
1096571470703034368
1096571259654008832
1096570788675649537
1096570267394920449
1096570059219120134
1096568022163025920
1096567890613018624
1096566548003606528
1096560435375960064
1096560393353187328
1096551776625389568
1096549906955685889
1096546746459611136
1096536398201405441
1096526847762784256
1096526202116857862
1096525882183770112
1096490172269629440
1096438239668318211
1096432025068724225
1096430438388658176
1096430010070634496
1096429655161065474
1096427245923495938
1096421265814872064
1096421164052668416
1096421125343465472
1096418532487716865
1096414726278377480
1096414463069057024
1096413966094323713
1096409215336210438
1096409113825705984
1096408170891628544
1096406888772624384
1096406338828001281
1096405619320401920
1096405115970285568
1096402369082847234
1096399920557215744
1096399685265178624
1096399502691299329
1096399485062701057
1096394362865500160
1096393295989596160
1096392656509235205
1096389704319160323
1096387661835558912
1096387133600759808
1096384851261845504
1096384515474223104
1096383736457953280
1096376614932205568
1096371506848780288
1096369177743388673
1096368940006035457
1096368237623730176
1096367752728797184
1096367388042424320
1096367202809204737
1096366406344466433
1096364354079928320
1096359087250571266
1096356521204625410
1096353281889034240
1096353222493581312
1096352813720907776
1096352459579043840
1096351588799541250
1096347065699844097
1096341791844884480
1096329197864116224
1096323973430730753
1096323767888797696
1096315447471890433
1096311067582451713
1096309924051574785
1096306945248481280
1096303781522792448
1096303446943096832
1096301641081356289
1096301055250321409
1096300265479622657
1096292742794104833
1096291907142017026
1096289328332861440
1096286392575873025
1096286330890289152
1096283824491655169
1096282664665894912
1096279366361698304
1096276942410547200
1096276289491591168
1096273517492891648
1096271121815605248
1096269517020368899
1096269295166746625
1096267902905249792
1096267278532861952
1096266673139548161
1096250744108331009
1096249789551788034
1096249091791568897
1096248909142183936
1096246006897733632
1096246005706575872
1096245960252915712
1096243914996994048
1096240331014565889
1096239689596456960
1096239681388204033
1096237230501195777
1096232734186385408
1096224043735310336
1096220139345694720
1096219438171320320
1096219111950934016
1096218020060442624
1096217418941194240
1096216598174621696
1096214969480146944
1096214450187554816
1096211676024565765
1096203091655909376
1096202481741090816
1096201026925821952
1096196677130608642
1096196211646689280
1096195203088625669
1096192746526670848
1096192656101629952
1096191643013722112
1096189455151464448
1096189391209345024
1096184963215446016
1096182818483273729
1096181528827113472
1096181519666704384
1096181305107144704
1096181267190579201
1096179076337811456
1096170306106880000
1096168847973900288
1096163005119684608
1096160834491867136
1096160754925920256
1096160648914821120
1096160618430615553
1096160538281705472
1096100273947324416
1096090616570757120
1096078125568385024
1096077465435308032
1096076067360522246
1096073644453748736
1096069504050720770
1096057824776474630
1096056390630719489
1096054441919180801
1096048069290803201
1096046161176096768
1096041177642524672
1096041100526071808
1096041045622583296
1096040156358832129
1096039326167625728
1096038271740604417
1096037584596283392
1096037451250860034
1096037413866991618
1096036315563323393
1096034950820712449
1096033833147719682
1096031887749869568
1096031282377633793
1096030909189414912
1096030670881677313
1096029417141198848
1096027320689688576
1096025411916574721
1096024703578234880
1096024621919293441
1096021334658768896
1096017696569810944
1096015830351994881
1096015547265740801
1096015546166915072
1096011458238808064
1096009775282761730
1096009709838979073
1096009650745425920
1096007396734820353
1096005038953115648
1095998504713871365
1095998318746849282
1095995196498534400
1095994392127492096
start6
